DEPARTMENT OF MOTOR VEHICLES ESTIMATED VEHICLES REGISTERED BY COUNTY
FOR THE PERIOD OF JANUARY 1 THROUGH DECEMBER 31, 2012

COUNTIES	AUTOS	TRUCKS	TRLRS	M/C	TOTAL
ALAMEDA	974,615	175,467	56,595	31,583	1,238,260
ALPINE	1,065	513	382	69	2,029
AMADOR	26,512	14,463	9,589	1,954	52,518
BUTTE	119,102	51,380	41,191	7,150	218,823
CALAVERAS	34,308	18,739	14,049	2,663	69,759
COLUSA	11,392	7,725	7,669	452	27,238
CONTRA COSTA	697,279	139,494	56,886	25,744	919,403
DEL NORTE	13,626	6,605	5,095	826	26,152
EL DORADO	121,994	43,956	35,011	8,178	209,139
FRESNO	444,768	168,499	86,860	18,755	718,882
GLENN	14,956	9,545	8,408	821	33,730
HUMBOLDT	74,795	39,887	24,939	4,961	144,582
IMPERIAL	97,561	40,001	20,069	2,569	160,200
INYO	13,046	7,520	5,179	939	26,684
KERN	388,777	183,382	97,316	18,697	688,172
KINGS	60,524	26,021	13,750	2,998	103,293
LAKE	43,538	20,986	15,149	2,971	82,644
LASSEN	15,093	9,909	9,173	1,069	35,244
LOS ANGELES	5,904,847	1,079,883	283,416	154,108	7,422,254
MADERA	69,100	32,107	22,649	3,679	127,535
MARIN	186,858	30,690	10,767	7,220	235,535
MARIPOSA	13,172	7,630	5,563	1,024	27,389
MENDOCINO	55,148	30,959	18,989	3,806	108,902
MERCED	119,924	50,484	26,214	4,785	201,407
MODOC	4,859	4,071	3,745	229	12,904
MONO	8,416	4,130	3,122	645	16,313
MONTEREY	234,835	74,653	32,196	8,052	349,736
NAPA	87,868	29,297	15,433	3,948	136,546
NEVADA	67,722	28,363	22,799	5,218	124,102
ORANGE	1,982,791	384,954	110,758	61,161	2,539,664
PLACER	249,791	71,723	45,439	12,851	379,804
PLUMAS	14,473	8,780	7,726	978	31,957
RIVERSIDE	1,184,178	347,862	147,257	45,490	1,724,787
SACRAMENTO	814,459	199,890	95,266	32,597	1,142,212
SAN BENITO	32,645	14,014	7,370	2,024	56,053
SAN BERNARDINO	1,096,412	332,313	157,683	42,829	1,629,237
SAN DIEGO	1,971,635	455,292	164,359	81,178	2,672,464
SAN FRANCISCO	385,442	56,694	7,465	21,697	471,298
SAN JOAQUIN	362,065	120,473	75,579	14,434	572,551
SAN LUIS OBISPO	169,571	62,717	40,572	11,143	284,003
SAN MATEO	560,551	87,032	20,158	16,399	684,140
SANTA BARBARA	248,404	75,633	30,258	12,362	366,657
SANTA CLARA	1,237,223	192,836	60,753	38,539	1,529,351
SANTA CRUZ	163,687	49,016	18,485	9,807	240,995
SHASTA	103,503	49,642	46,285	7,980	207,410
SIERRA	2,459	1,519	1,132	162	5,272
SISKIYOU	29,092	17,485	14,441	1,927	62,945
SOLANO	253,989	68,276	33,254	12,450	367,969
SONOMA	311,845	104,664	50,579	17,277	484,365
STANISLAUS	265,347	102,349	59,522	11,958	439,176
SUTTER	50,123	22,111	16,931	2,321	91,486
TEHAMA	31,025	18,196	16,134	1,993	67,348
TRINITY	8,524	5,838	4,875	715	19,952
TULARE	199,158	92,915	47,148	8,686	347,907
TUOLUMNE	37,048	19,458	13,149	2,979	72,634
VENTURA	541,043	136,335	49,520	24,167	751,065
YOLO	105,577	34,349	23,481	4,263	167,670
YUBA	35,475	15,234	11,525	2,078	64,312
OUT OF STATE	120,482	46,331	87,120	4,746	258,679

* MISC. VEHICLES					
136,163
2012 FEE PAID VEHICLE REGISTRATIONS	22,473,717	5,530,290	2,416,427	832,304	31,388,901
FEE EXEMPT VEHICLE REGISTRATIONS	198,414	275,311	68,743	15,053	557,521
2012 GRAND TOTAL	22,672,131	5,805,601	2,485,170	847,357	31,946,422
2011 COMPARISON	22,281,900	5,835,001	2,724,863	834,014	31,802,483
% CHANGE FROM PRIOR YEAR	1.8%	-0.5%	-8.8%	1.6%	0.5%
 

FOREIGN-BASED IRP VEHICLES (Vehicles based in other states which pay fees to operate in California)
 

1,352,056
 

Note: This report contains the es t i m at ed number of fee-paid vehicle registrations by county and should not be used for revenue projections.
 
* Misc. Vehicles include historical vehicles, spec/farm equipment, etc.
 
DMV Forecasting Unit (916) 657-8008
